bounds:
  lower: 2.816666666666667
  upper: 12226.983333333335
polynomial:
  a: 0.01634543791568152
  b: 0.5773161319523434
  c: -6.6617855052185675
scale:
  intercept: -6.714693651914858
  slope: 0.6390831571186288
